[OUTPUT] Matrix A:
  5.000e+02  4.990e+02  4.980e+02  4.970e+02  4.960e+02  4.950e+02  4.940e+02  4.930e+02  4.920e+02  4.910e+02
  4.990e+02  4.990e+02  4.980e+02  4.970e+02  4.960e+02  4.950e+02  4.940e+02  4.930e+02  4.920e+02  4.910e+02
  4.980e+02  4.980e+02  4.980e+02  4.970e+02  4.960e+02  4.950e+02  4.940e+02  4.930e+02  4.920e+02  4.910e+02
  4.970e+02  4.970e+02  4.970e+02  4.970e+02  4.960e+02  4.950e+02  4.940e+02  4.930e+02  4.920e+02  4.910e+02
  4.960e+02  4.960e+02  4.960e+02  4.960e+02  4.960e+02  4.950e+02  4.940e+02  4.930e+02  4.920e+02  4.910e+02
  4.950e+02  4.950e+02  4.950e+02  4.950e+02  4.950e+02  4.950e+02  4.940e+02  4.930e+02  4.920e+02  4.910e+02
  4.940e+02  4.940e+02  4.940e+02  4.940e+02  4.940e+02  4.940e+02  4.940e+02  4.930e+02  4.920e+02  4.910e+02
  4.930e+02  4.930e+02  4.930e+02  4.930e+02  4.930e+02  4.930e+02  4.930e+02  4.930e+02  4.920e+02  4.910e+02
  4.920e+02  4.920e+02  4.920e+02  4.920e+02  4.920e+02  4.920e+02  4.920e+02  4.920e+02  4.920e+02  4.910e+02
  4.910e+02  4.910e+02  4.910e+02  4.910e+02  4.910e+02  4.910e+02  4.910e+02  4.910e+02  4.910e+02  4.910e+02
[OUTPUT] Vector B:
  6.275e+04
  6.275e+04
  6.275e+04
  6.275e+04
  6.274e+04
  6.274e+04
  6.274e+04
  6.273e+04
  6.273e+04
  6.272e+04
[32m[OUTPUT] [0mMatrix A:
  6.465e+03  6.465e+03  6.464e+03  6.464e+03  6.464e+03  6.463e+03  6.463e+03  6.462e+03  6.462e+03  6.461e+03
  0.000e+00  9.970e-01  1.988e+00  2.973e+00  3.952e+00  4.925e+00  5.892e+00  6.854e+00  7.809e+00  8.758e+00
  0.000e+00  0.000e+00  9.970e-01  1.988e+00  2.973e+00  3.952e+00  4.925e+00  5.892e+00  6.853e+00  7.809e+00
  0.000e+00  0.000e+00  0.000e+00  9.970e-01  1.988e+00  2.973e+00  3.952e+00  4.925e+00  5.892e+00  6.853e+00
  0.000e+00  0.000e+00  0.000e+00  0.000e+00  9.970e-01  1.988e+00  2.973e+00  3.952e+00  4.925e+00  5.892e+00
  0.000e+00  0.000e+00  0.000e+00  0.000e+00  0.000e+00  9.970e-01  1.988e+00  2.973e+00  3.952e+00  4.925e+00
  0.000e+00  0.000e+00  0.000e+00  0.000e+00  0.000e+00  0.000e+00  9.970e-01  1.988e+00  2.973e+00  3.952e+00
  0.000e+00  0.000e+00  0.000e+00  0.000e+00  0.000e+00  0.000e+00  0.000e+00  9.970e-01  1.988e+00  2.973e+00
  0.000e+00  0.000e+00  0.000e+00  0.000e+00  0.000e+00  0.000e+00  0.000e+00  0.000e+00  9.970e-01  1.988e+00
  0.000e+00  0.000e+00  0.000e+00  0.000e+00  0.000e+00  0.000e+00  0.000e+00  0.000e+00  0.000e+00  9.970e-01

[OUTPUT] Vector X:
  1.000e+00
  1.075e-11
  1.000e+00
 -6.827e-11
  1.000e+00
  4.014e-11
  1.000e+00
 -4.029e-11
  1.000e+00
 -5.409e-11
[OUTPUT] Solving time: 0.05599500
[OUTPUT] ||Discrepancy rate||_1 =  2.265e-15
[OUTPUT] Discrepancy rate's calculating time: 0.00
[OUTPUT] ||Error rate||_1 =  7.788e-09

Residual = 2.264616e-15 for s = 1 n = 500 m = 100
